image: model3.pgm
resolution: 0.0141
origin: [0.000000, 0.000000, 0.000000]
negate: 0
occupied_thresh: 0.10
free_thresh: 0.10