image: icelab.pgm
resolution: 0.0023
origin: [-1.500000, -1.700000, 0.000000]
negate: 0
occupied_thresh: 0.65
free_thresh: 0.196
