image: icelab_black.pgm
resolution: 0.0128
origin: [0.000000,  0.000000, 0.000000]
negate: 0
occupied_thresh: 0.65
free_thresh: 0.196
